1749227712697 0.5869563782960177 0
1749228501562 0.4641107529401779 1
1749229286707 0.38261072437744587 2
1749230070010 0.2991418010694906 3
1749230853672 0.21825152031698963 4
1749231637648 0.16051028776855675 5
1749232421489 0.10587895907199708 6
1749233206272 0.07072883044624177 7
1749233993632 0.06321300731662632 8
1749234781414 0.05966766874749738 9
1749235567896 0.03593110919809987 10
1749236356052 0.03411019174920511 11
1749237143404 0.034442943404410474 12
1749237926885 0.03064811590876161 13
1749238712928 0.028305299249977905 14
1749239496849 0.021019237152536334 15
1749240280725 0.012226231920974441 16
1749241065240 0.013174673357934808 17
1749241849142 0.014313059155082328 18
1749242632335 0.011394009474978475 19
